36
37
38
39
40
41
42
43
2735
2736
3263
3264
3265
3266
3267
3268
3269
3270
3271
3272
3273
3274
3275
3276
3277
3278
3279
3280
3281
3282
3283
3284
3285
3286
3287
3288
3289
3290
3291
3292
3293
3296
3303
3304
3305
3306
3307
3308
3314
3315
3316
3317
3318
3319
3320
3341
3347
3348
3353
3377
3389
3426
3431
3487
3547
3557
3559
3561
3574
3575
3609
3611
3624
3625
3626
3641
3686
3748
3751
3770
3782
3785
3800
3880
3902
3904
3905
3990
4010
4029
4098
4119
4204
4320
4352
4401
4470
4471
4519
4535
4573
4589
4630
4632
4633
4634
4635
4640
4641
4642
4643
4647
4648
4649
4650
4674
4695
4716
4717
4721
4724
4725
4727
4728
4750
4789
4806
4849
4850
4851
4937
4941
4950
4961
4998
4999
5000
5002
5039
5081
5154
5180
5256
5286
5324
5346
5368
5389
